31.66375     -41.1575     0.00814364352425     8055 
31.6833333333     -56.9358333333     0.00956794686495     8059 
31.66375     -41.1575     0.00814364352425     8055 
31.6833333333     -56.9358333333     0.00956794686495     8059 
156.0     70.8666666667     0.0295677824953     30484 
156.030416667     -5.63333333333     0.0141520304655     30487 
156.072916667     -32.4822222222     0.0199902743651     30498 
156.12875     -21.7905555556     0.0097908129774     30515 
156.132916667     -36.2722222222     0.0072580299308     30518 
156.132916667     -23.5538888889     0.00935015380455     30519 
156.139166667     -36.9322222222     0.0087260712512     30522 
156.1775     -39.3058333333     0.0174108011253     30534 
156.198333333     -43.9641666667     0.0123259032594     30544 
156.200833333     -26.6908333333     0.0085274416194     30545 
