ra       dec         new_ra      new_dec         radius 
ra       dec         new_ra      new_dec         radius 
0.08875       -2.61055555556       0.0896169       -2.6121554       0.0072604603211       23 
ra       dec         new_ra      new_dec         radius 
0.08875       -2.61055555556       0.0896169       -2.6121554       0.0072604603211       23 
0.09375       -80.7916666667       0.0906456       -80.7925884       0.0103411736357       30 
ra       dec         new_ra      new_dec         radius 
ra       dec         new_ra      new_dec         radius 
0.08875       -2.61055555556       0.0896169       -2.6121554       0.0072604603211       23 
0.08875       -2.61055555556       0.0893376       -2.6120670       0.00770186228283       23 
0.1       7.84166666667       0.1044817       +7.8537570       0.0118061232747       39 
0.158333333333       20.0591666667       0.1592703       +20.0592772       0.00363231111811       53 
0.08875       -2.61055555556       0.0893376       -2.6120670       0.00770186228283       23 
0.1       7.84166666667       0.1044817       +7.8537570       0.0118061232747       39 
0.08875       -2.61055555556       0.0893376       -2.6120670       0.00770186228283       23 
0.1       7.84166666667       0.1044817       +7.8537570       0.0118061232747       39 
0.158333333333       20.0591666667       0.1592703       +20.0592772       0.00363231111811       53 
0.08875       -2.61055555556       0.0893376       -2.6120670       0.00770186228283       23 
0.1       7.84166666667       0.1044817       +7.8537570       0.0118061232747       39 
0.158333333333       20.0591666667       0.1592703       +20.0592772       0.00363231111811       53 
0.159583333333       28.385       0.15808       28.38455       0.00595239542945       58 
0.15       33.6016666667       0.1557285       +33.6017420       0.0043016748332       55 
0.184583333333       28.4013888889       0.18333       28.40144       0.00429393863415       63 
0.195       28.4027777778       0.19566       28.40202       0.00381297057855       63 
0.08875       -2.61055555556       0.1955881       +28.4020046       0.00381297057855       23 
0.08875       -2.61055555556       0.1955881       +28.4020046       0.00381297057855       23 
0.09375       -80.7916666667       0.1955881       +28.4020046       0.00381297057855       30 
ra       dec         new_ra      new_dec         radius 
0.25       6.22833333333       0.2506774       +6.2404934       0.00245193135614       81 
0.328333333333       -27.4183333333       0.3293579       -27.4199298       0.00665691042105       100 
0.328333333333       -27.4183333333       0.3293579       -27.4199298       0.00665691042105       100 
0.3325       13.1116666667       0.3328       13.1117       0.00572882867688       108 
0.360833333333       31.4338888889       0.3612       31.4338       0.0050319367526       112 
0.375833333333       31.4425       0.3762       31.4425       0.0042546914697       112 
0.407916666667       23.4847222222       0.4083       23.4847       0.0139212269277       129 
0.407916666667       26.9227777778       0.4101263       +26.9232316       0.00400247705408       121 
30.0625       31.4294444444       30.0628       31.4294       0.01526772843       7597 
31.66375       -41.1575       30.0620884       +31.4294279       0.01526772843       8055 
31.66375       -41.1575       30.0620884       +31.4294279       0.01526772843       8055 
31.6679166667       1.50166666667       31.6534313       +1.5156282       0.0124383355843       8056 
31.6679166667       1.50166666667       31.6534313       +1.5156282       0.0124383355843       8056 
156.045       78.6269444444       156.041487       78.628794       0.00735168376743       30510 
156.103333333       78.61       156.092792       78.609194       0.0117406565694       30510 
156.1775       6.40583333333       156.188       6.413444       0.00509639782759       30536 
156.1775       6.4225       156.181424       6.434144       0.00872215693231       30536 
