0.0075     47.2744444444     0.0199902743651
0.0075     47.2744444444     0.0199902743651     20.0075     47.2744444444     0.0199902743651
0.0075     47.2744444444     0.0199902743651     20.0075     47.2744444444     0.0199902743651
0.0075     47.2744444444     0.0199902743651     20.0075     47.2744444444     0.0199902743651
0.0075     47.2744444444     0.0199902743651     20.0075     47.2744444444     0.0199902743651
0.0075     47.2744444444     0.0199902743651     20.0075     47.2744444444     0.0199902743651
0.0075     47.2744444444     0.0199902743651     20.0075     47.2744444444     0.0199902743651
0.0075     47.2744444444     0.0199902743651     20.09375     -80.7916666667     0.0141520304655
0.09375     -80.7916666667     0.0141520304655     300.1     39.5083333333     0.00833333335
0.1     39.5083333333     0.00833333335     350.120833333333     -40.4833333333     0.0162487050305
0.120833333333     -40.4833333333     0.0162487050305     430.220416666667     -47.355     0.00814364352425
0.220416666667     -47.355     0.00814364352425     650.232916666667     -40.7116666667     0.0087260712512
0.232916666667     -40.7116666667     0.0087260712512     690.24125     -33.6116666667     0.0100188703085
0.24125     -33.6116666667     0.0100188703085     730.262083333333     -43.33     0.0112413573774
0.262083333333     -43.33     0.0112413573774     750.0075     47.2744444444     0.0199902743651
0.0075     47.2744444444     0.0199902743651     2