0.220416666667     -47.355     0.00814364352425
0.232916666667     -40.7116666667     0.0087260712512
0.24125     -33.6116666667     0.0100188703085
0.262083333333     -43.33     0.0112413573774
0.3     80.6591666667     0.0112413573774
0.324166666667     -53.0083333333     0.0112413573774
0.328333333333     -27.4183333333     0.00935015380455
0.324166666667     -53.0083333333     0.0112413573774
0.328333333333     -27.4183333333     0.00935015380455
0.324166666667     -53.0083333333     0.0112413573774
0.328333333333     -27.4183333333     0.00935015380455
0.324166666667     -53.0083333333     0.0112413573774
0.328333333333     -27.4183333333     0.00935015380455
0.324166666667     -53.0083333333     0.0112413573774
0.328333333333     -27.4183333333     0.00935015380455
0.324166666667     -53.0083333333     0.0112413573774
0.328333333333     -27.4183333333     0.00935015380455
0.324166666667     -53.0083333333     0.0112413573774
0.328333333333     -27.4183333333     0.00935015380455
0.469583333333     -36.85     0.00956794686495
0.482083333333     -27.6266666667     0.011503202228
0.487083333333     -15.4502777778     0.097908129774
0.475     40.3169444444     0.0100188703085
0.515416666667     -33.4683333333     0.00742709116595
0.515416666667     -33.4683333333     0.00742709116595
0.515416666667     -33.4683333333     0.00742709116595
0.515416666667     -33.4683333333     0.00742709116595
0.515416666667     -33.4683333333     0.00742709116595
0.515416666667     -33.4683333333     0.00742709116595
0.515416666667     -33.4683333333     0.00742709116595
