100.02875     60.0827777778     0.0245934102714
100.02875     60.0827777778     0.0245934102714     19397100.0625     -72.4558333333     0.0123259032594
100.0625     -72.4558333333     0.0123259032594     19400100.134166667     50.105     0.00760009034315
100.134166667     50.105     0.00760009034315     19409100.180833333     -58.5255555556     0.0245934102714
100.180833333     -58.5255555556     0.0245934102714     19413100.180833333     53.2422222222     0.0245934102714
100.180833333     53.2422222222     0.0245934102714     19414100.194583333     -58.4705555556     0.00677358764825
100.194583333     -58.4705555556     0.00677358764825     19415100.21625     -32.4816666667     0.0151641738521
100.21625     -32.4816666667     0.0151641738521     19417100.275     53.2816666667     0.00437339551083
100.275     53.2816666667     0.00437339551083     19427100.325     53.7483333333     0.0089293275615
100.325     53.7483333333     0.0089293275615     19430100.384583333     40.1697222222     0.013829890923
100.384583333     40.1697222222     0.013829890923     19439100.403333333     -50.9661111111     0.178163507815
100.403333333     -50.9661111111     0.178163507815     19441100.554583333     -61.0705555556     0.0097908129774
100.554583333     -61.0705555556     0.0097908129774     19456100.564583333     75.6236111111     0.00632147980455
100.564583333     75.6236111111     0.00632147980455     19459100.59375     -26.8933333333     0.0155173928366
100.59375     -26.8933333333     0.0155173928366     19461100.67375     -27.4586111111     0.0234865244742
100.67375     -27.4586111111     0.0234865244742     19466100.675     42.4252777778     0.0141520304655
100.675     42.4252777778     0.0141520304655     19469100.707916667     -35.5705555556     0.0144816736019
100.707916667     -35.5705555556     0.0144816736019     19472100.71625     41.4208333333     0.0100188703085
100.71625     41.4208333333     0.0100188703085     19475100.717916667     -23.4755555556     0.0224294567442
100.717916667     -23.4755555556     0.0224294567442     19476100.75875     -33.0308333333     0.00814364352425
100.75875     -33.0308333333     0.00814364352425     19479100.775     -74.2166666667     0.0148189951133
100.775     -74.2166666667     0.0148189951133     19480100.779166667     -74.2366666667     0.0135150841717
100.779166667     -74.2366666667     0.0135150841717     19481100.784583333     22.8736111111     0.0132074432969
100.784583333     22.8736111111     0.0132074432969     19483100.784583333     39.4594444444     0.0132074432969
100.784583333     39.4594444444     0.0132074432969     19487100.816666667     -49.4897222222     0.00677358764825
100.816666667     -49.4897222222     0.00677358764825     19490100.831666667     -35.1580555556     0.00814364352425
100.831666667     -35.1580555556     0.00814364352425     19492100.882916667     -72.5947222222     0.0166271859914
100.882916667     -72.5947222222     0.0166271859914     1949850.0154166667     1.36138888889     0.0178163507815
50.0154166667     1.36138888889     0.0178163507815     1245450.0229166667     -66.7025     0.0104910451192
50.0229166667     -66.7025     0.0104910451192     1245750.0283333333     -52.1872222222     0.025166264387
50.0283333333     -52.1872222222     0.025166264387     1246050.05375     -2.11222222222     0.0135150841717
50.05375     -2.11222222222     0.0135150841717     1247350.0641666667     -10.8633333333     0.00468617771929
50.0641666667     -10.8633333333     0.00468617771929     1247750.0720833333     -26.4636111111     0.0129068051834
50.0720833333     -26.4636111111     0.0129068051834     1248450.075     -2.09694444444     0.00617758535655
50.075     -2.09694444444     0.00617758535655     1249150.075     -54.2802777778     0.00617758535655
50.075     -54.2802777778     0.00617758535655     1250050.0954166667     -10.8675     0.00372236327537
50.0954166667     -10.8675     0.00372236327537     1250150.125     37.4991666667     0.0107354129523
50.125     37.4991666667     0.0107354129523     1251050.1475     -18.7155555556     0.0186560095254
50.1475     -18.7155555556     0.0186560095254     1252150.1595833333     -54.2958333333     0.0109854728433
50.1595833333     -54.2958333333     0.0109854728433     1252350.1670833333     -22.9305555556     0.00693136477305
50.1670833333     -22.9305555556     0.00693136477305     1252650.21625     38.2538888889     0.0178163507815
50.21625     38.2538888889     0.0178163507815     1254950.2429166667     -25.5127777778     0.0089293275615
50.2429166667     -25.5127777778     0.0089293275615     1255950.2666666667     -37.1011111111     0.0166271859914
50.2666666667     -37.1011111111     0.0166271859914     1256950.3033333333     -4.58416666667     0.0104910451192
50.3033333333     -4.58416666667     0.0104910451192     1257550.325     7.42666666667     0.0141520304655
50.325     7.42666666667     0.0141520304655     1258150.3458333333     -2.31694444444     0.011503202228
50.3458333333     -2.31694444444     0.011503202228     1258250.37     -43.585     0.0104910451192
50.37     -43.585     0.0104910451192     1258950.37     -49.5516666667     0.0104910451192
50.37     -49.5516666667     0.0104910451192     1259450.4695833333     -15.6808333333     0.0132074432969
50.4695833333     -15.6808333333     0.0132074432969     1260850.5241666667     -37.5866666667     0.0240335959074
50.5241666667     -37.5866666667     0.0240335959074     1262550.6     9.44083333333     0.0089293275615
50.6     9.44083333333     0.0089293275615     1263950.6191666667     -2.75722222222     0.0097908129774
50.6191666667     -2.75722222222     0.0097908129774     1264350.625     14.9072222222     0.0141520304655
50.625     14.9072222222     0.0141520304655     1264550.6716666667     -4.18777777778     0.0126130104288
50.6716666667     -4.18777777778     0.0126130104288     1265050.6733333333     -37.2077777778     0.0935015380455
50.6733333333     -37.2077777778     0.0935015380455     1265150.68625     -37.1027777778     0.022951905907
50.68625     -37.1027777778     0.022951905907     1265350.69875     -1.92166666667     0.00777711918885
50.69875     -1.92166666667     0.00777711918885     1265650.72875     -42.1880555556     0.012045331447
50.72875     -42.1880555556     0.012045331447     1266250.7291666667     -11.2033333333     0.0219188999763
50.7291666667     -11.2033333333     0.0219188999763     1266450.75     1.36527777778     0.0117711462287
50.75     1.36527777778     0.0117711462287     1266950.755     -42.6030555556     0.00742709116595
50.755     -42.6030555556     0.00742709116595     1267050.7770833333     -21.3761111111     0.0132074432969
50.7770833333     -21.3761111111     0.0132074432969     1267150.8575     -19.2861111111     0.0109854728433
50.8575     -19.2861111111     0.0109854728433     1268050.875     -16.7908333333     0.00935015380455
50.875     -16.7908333333     0.00935015380455     1268450.9058333333     -35.7786111111     0.00935015380455
50.9058333333     -35.7786111111     0.00935015380455     1269150.9091666667     -11.1969444444     0.0144816736019
50.9091666667     -11.1969444444     0.0144816736019     1269250.9     6.58027777778     0.0132074432969
50.9     6.58027777778     0.0132074432969     1269550.925     37.0469444444     0.0129068051834
50.925     37.0469444444     0.0129068051834     1269750.92875     36.92     0.0087260712512
50.92875     36.92     0.0087260712512     1269850.9466666667     -19.7536111111     0.0141520304655
50.9466666667     -19.7536111111     0.0141520304655     1270150.975     -37.5088888889     0.0117711462287
50.975     -37.5088888889     0.0117711462287     1270650.9845833333     -21.5269444444     0.0102522397773
50.9845833333     -21.5269444444     0.0102522397773     1270850.985     -36.4638888889     0.0309612691533
50.985     -36.4638888889     0.0309612691533     1270950.975     37.7638888889     0.0132074432969
50.975     37.7638888889     0.0132074432969     12713142.8     76.4561111111     0.00956794686495
142.8     76.4561111111     0.00956794686495     27026142.811666667     73.8105555556     0.0129068051834
142.811666667     73.8105555556     0.0129068051834     27027142.825     -16.5938888889     0.011503202228
142.825     -16.5938888889     0.011503202228     27031142.9025     -16.7358333333     0.0162487050305
142.9025     -16.7358333333     0.0162487050305     27048142.921666667     -16.0436111111     0.0151641738521
142.921666667     -16.0436111111     0.0151641738521     27054142.975     -16.6780555556     0.0117711462287
142.975     -16.6780555556     0.0117711462287     27066