0.0075     47.2744444444     0.0199902743651
0.0075     47.2744444444     0.0199902743651     2 
0.09375     -80.7916666667     0.0141520304655
0.09375     -80.7916666667     0.0141520304655     30 
0.1     39.5083333333     0.00833333335
0.1     39.5083333333     0.00833333335     35 
0.120833333333     -40.4833333333     0.0162487050305
0.120833333333     -40.4833333333     0.0162487050305     43 
0.220416666667     -47.355     0.00814364352425
0.220416666667     -47.355     0.00814364352425     65 
0.232916666667     -40.7116666667     0.0087260712512
0.232916666667     -40.7116666667     0.0087260712512     69 
0.24125     -33.6116666667     0.0100188703085
0.24125     -33.6116666667     0.0100188703085     73 
0.262083333333     -43.33     0.0112413573774
0.262083333333     -43.33     0.0112413573774     75 
0.3     80.6591666667     0.0112413573774
0.3     80.6591666667     0.0112413573774     94 
0.324166666667     -53.0083333333     0.0112413573774
0.324166666667     -53.0083333333     0.0112413573774     99 
0.328333333333     -27.4183333333     0.00935015380455
0.328333333333     -27.4183333333     0.00935015380455     100 
0.469583333333     -36.85     0.00956794686495
0.469583333333     -36.85     0.00956794686495     138 
0.482083333333     -27.6266666667     0.011503202228
0.482083333333     -27.6266666667     0.011503202228     140 
0.487083333333     -15.4502777778     0.097908129774
0.487083333333     -15.4502777778     0.097908129774     143 
0.475     40.3169444444     0.0100188703085
0.475     40.3169444444     0.0100188703085     148 
0.515416666667     -33.4683333333     0.00742709116595
0.515416666667     -33.4683333333     0.00742709116595     151 
0.54375     -43.9752777778     0.0123259032594
0.54375     -43.9752777778     0.0123259032594     160 
0.625     44.9188888889     0.00913731831945
0.625     44.9188888889     0.00913731831945     175 
0.684583333333     -80.3466666667     0.0209323869711
0.684583333333     -80.3466666667     0.0209323869711     181 
0.6925     -52.7683333333     0.0126130104288
0.6925     -52.7683333333     0.0126130104288     187 
0.727083333333     -34.235     0.00913731831945
0.727083333333     -34.235     0.00913731831945     195 
0.772083333333     -42.1783333333     0.0087260712512
0.772083333333     -42.1783333333     0.0087260712512     204 
0.7925     -54.7494444444     0.0132074432969
0.7925     -54.7494444444     0.0132074432969     211 
0.801666666667     -35.9366666667     0.0097908129774
0.801666666667     -35.9366666667     0.0097908129774     213 
0.850416666667     -49.7916666667     0.0117711462287
0.850416666667     -49.7916666667     0.0117711462287     233 
0.858333333333     -53.33     0.0085274416194
0.858333333333     -53.33     0.0085274416194     235 
0.0075     47.2744444444     0.0199902743651
0.0075     47.2744444444     0.0199902743651     2 
0.0075     47.2744444444     0.0199902743651
0.0075     47.2744444444     0.0199902743651     2 
0.09375     -80.7916666667     0.0141520304655
0.09375     -80.7916666667     0.0141520304655     30 
0.1     39.5083333333     0.00833333335
0.1     39.5083333333     0.00833333335     35 
