155.925     12.5605555556     0.0178163507815     30463 
0.08875     -2.61055555556     0.0102522397773     23 
0.159583333333     28.385     0.0097908129774     54 
0.15     33.6016666667     0.0079582715661     55 
0.184583333333     28.4013888889     0.00661940196925     58 
0.195     28.4027777778     0.00833333335     63 
0.262083333333     28.9116666667     0.0132074432969     76 
0.25     6.22833333333     0.0087260712512     81 
0.309583333333     34.6758333333     0.00935015380455     91 
0.3     6.32583333333     0.0089293275615     96 
0.333333333333     34.5258333333     0.0174108011253     102 
0.360833333333     31.4338888889     0.0097908129774     109 
0.375833333333     31.4425     0.00935015380455     112 
0.400416666667     33.5625     0.00363763194261     119 
0.407916666667     23.4847222222     0.0195352401668     120 
0.407916666667     26.9227777778     0.0195352401668     121 
0.427083333333     23.4947222222     0.0132074432969     129 
0.575     27.2052777778     0.0104910451192     165 
0.645     -3.71055555556     0.0104910451192     176 
0.712916666667     31.4875     0.00693136477305     190 
0.774166666667     -1.91305555556     0.0151641738521     205 
0.774166666667     31.0394444444     0.0151641738521     206 
0.789583333333     25.1783333333     0.00833333335     208 
0.798333333333     15.9655555556     0.0123259032594     212 
0.812916666667     16.1458333333     0.0468617771929     218 
0.8     -10.7625     0.0072580299308     219 
0.834583333333     29.795     0.00693136477305     223 
0.840416666667     22.1027777778     0.0079582715661     227 
0.85     27.3633333333     0.00935015380455     240 
0.884583333333     -10.745     0.0107354129523     243 
0.897083333333     23.2002777778     0.0158788393481     250 
0.925     15.2169444444     0.0209323869711     255 
0.954583333333     7.47916666667     0.0148189951133     263 
1.00416666667     -11.1769444444     0.00182313469027     281 
1.00708333333     -11.1741666667     0.0097908129774     282 
1.05     22.5966666667     0.00814364352425     298 
1.10333333333     31.4736111111     0.0132074432969     303 
1.13666666667     33.5588888889     0.0102522397773     309 
1.125     -7.07555555556     0.0209323869711     312 
1.125     28.3088888889     0.0109854728433     313 
1.17583333333     26.8319444444     0.00935015380455     323 
1.27541666667     6.92083333333     0.013829890923     354 
1.27541666667     22.1902777778     0.013829890923     355 
1.3     6.25333333333     0.0135150841717     365 
1.3     6.77     0.011503202228     366 
1.425     27.4497222222     0.0097908129774     415 
1.48333333333     22.4911111111     0.0089293275615     431 
1.5     14.4183333333     0.0087260712512     451 
1.525     19.7466666667     0.00777711918885     458 
1.58125     20.2025     0.00269661381314     473 
1.61875     -3.71611111111     0.0141520304655     485 
1.65     8.35388888889     0.0102522397773     504 
1.65     26.1538888889     0.0079582715661     507 
1.68333333333     -6.63527777778     0.00617758535655     509 
0.08875     -2.61055555556     0.0102522397773     23 
0.159583333333     28.385     0.0097908129774     54 
0.15     33.6016666667     0.0079582715661     55 
0.184583333333     28.4013888889     0.00661940196925     58 
0.195     28.4027777778     0.00833333335     63 
0.262083333333     28.9116666667     0.0132074432969     76 
0.25     6.22833333333     0.0087260712512     81 
0.309583333333     34.6758333333     0.00935015380455     91 
0.3     6.32583333333     0.0089293275615     96 
0.333333333333     34.5258333333     0.0174108011253     102 
0.360833333333     31.4338888889     0.0097908129774     109 
0.375833333333     31.4425     0.00935015380455     112 
0.400416666667     33.5625     0.00363763194261     119 
0.407916666667     23.4847222222     0.0195352401668     120 
0.407916666667     26.9227777778     0.0195352401668     121 
0.427083333333     23.4947222222     0.0132074432969     129 
0.575     27.2052777778     0.0104910451192     165 
0.645     -3.71055555556     0.0104910451192     176 
0.712916666667     31.4875     0.00693136477305     190 
0.774166666667     -1.91305555556     0.0151641738521     205 
0.774166666667     31.0394444444     0.0151641738521     206 
0.789583333333     25.1783333333     0.00833333335     208 
0.798333333333     15.9655555556     0.0123259032594     212 
0.812916666667     16.1458333333     0.0468617771929     218 
0.8     -10.7625     0.0072580299308     219 
0.834583333333     29.795     0.00693136477305     223 
0.840416666667     22.1027777778     0.0079582715661     227 
0.85     27.3633333333     0.00935015380455     240 
0.884583333333     -10.745     0.0107354129523     243 
0.897083333333     23.2002777778     0.0158788393481     250 
0.925     15.2169444444     0.0209323869711     255 
0.954583333333     7.47916666667     0.0148189951133     263 
0.575     27.2052777778     0.0104910451192     PGC165 
0.575     27.2052777778     0.0104910451192     PGC165 
0.575     27.2052777778     0.0104910451192     PGC165 
