ra       dec         new_ra      new_dec         radius 
ra       dec         new_ra      new_dec         radius 
ra       dec         new_ra      new_dec         radius 
ra       dec         new_ra      new_dec         radius 
ra       dec         new_ra      new_dec         radius 
ra       dec         new_ra      new_dec         radius 
ra       dec         new_ra      new_dec         radius 
ra       dec         new_ra      new_dec         radius 
ra       dec         new_ra      new_dec         radius 
ra       dec         new_ra      new_dec         radius 
ra       dec         new_ra      new_dec         radius 
0.08875       -2.61055555556      0.1046864      -2.6238813      0.00157204809577 
0.158333333333       20.0591666667      0.1592950      +20.0592764      0.0010497547157 
0.159583333333       28.385      0.1835704      +28.4014314      0.0011221060934 
0.15       33.6016666667      0.1482732      +33.6015796      0.000976523685985 
0.184583333333       28.4013888889      0.1628146      +28.3875895      0.00120116481767 
0.195       28.4027777778      0.1835706      +28.4014490      0.00108274166602 
ra       dec         new_ra      new_dec         radius 
0.08875       -2.61055555556      0.1046864      -2.6238813      0.00157204809577 
0.158333333333       20.0591666667      0.1592950      +20.0592764      0.0010497547157 
0.159583333333       28.385      0.1835704      +28.4014314      0.0011221060934 
0.15       33.6016666667      0.1482732      +33.6015796      0.000976523685985 
0.184583333333       28.4013888889      0.1628146      +28.3875895      0.00120116481767 
0.195       28.4027777778      0.1835706      +28.4014490      0.00108274166602 
0.1       7.84166666667      0.1044221      +7.8537440      0.00107889318848 
0.225       20.345      0.2334814      +20.3380377      0.00153895118895 
0.25       4.51166666667      0.2684992      +4.5001584      0.000790807155681 
0.25       6.22833333333      0.2516952      +6.2421576      0.000813238281899 
0.262083333333       28.9116666667      0.2451248      +28.9114459      0.00125515345969 
0.306666666667       13.1438888889      0.3058479      +13.1441262      0.000826652975029 
0.309583333333       34.6758333333      0.3093359      +34.6759038      0.0010708663639 
0.3325       13.1116666667      0.3333060      +13.1112284      0.000764747464928 
0.333333333333       34.5258333333      0.3325340      +34.5255323      0.00116509908532 
0.359166666667       13.1127777778      0.3589821      +13.1124883      0.000794985502721 
0.360833333333       31.4338888889      0.3749652      +31.4423379      0.000978173033501 
0.375833333333       31.4425      0.3748850      +31.4422824      0.00102402489445 
0.375       9.00916666667      0.3899207      +9.0124751      0.000709769214394 
0.3       6.32583333333      0.2845665      +6.3371453      0.00102193572093 
0.400416666667       33.5625      0.4004267      +33.5631565      0.000533508943182 
0.407916666667       23.4847222222      0.4096435      +23.4836444      0.00252438135152 
0.407916666667       26.9227777778      0.4340707      +26.8744071      0.000516685598518 
0.427083333333       23.4947222222      0.4095988      +23.4838482      0.0024812784031 
0.4       3.50611111111      0.4029930      +3.5059293      0.00120567303421 
0.539583333333       2.94055555556      0.5393271      +2.9406979      0.000695804738758 
0.580833333333       12.9719444444      0.5798908      +12.9715956      0.000615096666974 
0.5       16.585      0.5223311      +16.5909572      0.00141338086473 
0.61125       3.35222222222      0.6101521      +3.3518888      0.000621584100537 
0.645       -3.71055555556      0.6450686      -3.7107572      0.00131013171022 
0.668333333333       8.7375      0.6662718      +8.7369483      0.000827202757534 
0.675       18.8966666667      0.6931578      +18.8860804      0.00109648622865 
0.712916666667       31.4875      0.7089752      +31.4850029      0.00113629048204 
0.75       4.20166666667      0.7375501      +4.2086358      0.000922754956962 
0.774166666667       -1.91305555556      0.7734325      -1.9139559      0.00146594007224 
0.774166666667       31.0394444444      0.7870504      +31.0364094      0.000592115758251 
0.789583333333       21.9597222222      0.7906145      +21.9599651      0.00076089898739 
0.789583333333       25.1783333333      0.7622184      +25.1819092      0.000772334463501 
0.798333333333       15.9655555556      0.7971414      +15.9657113      0.000862718707379 
0.812916666667       16.1458333333      0.6685528      +16.2566166      0.00356467980812 
0.825       8.61166666667      0.8351946      +8.6187044      0.00200538666648 
0.834583333333       29.795      0.8348186      +29.7972037      0.00112419526692 
0.840416666667       22.1027777778      0.8403007      +22.1018515      0.00130540358068 
0.85       27.3633333333      0.8717236      +27.3517473      0.000730221123592 
0.884583333333       -10.745      0.8839260      -10.7445378      0.00101126994032 
0.897083333333       23.2002777778      0.8958744      +23.2006837      0.00162471725978 
0.8       -10.7625      0.8210221      -10.7736836      0.00131068149273 
0.925       15.2169444444      0.9295337      +15.2189871      0.00298971726404 
0.925       4.26694444444      0.9354053      +4.2974186      0.000662158049431 
0.954583333333       7.47916666667      0.9537487      +7.4787347      0.00217713872115 
ra       dec         new_ra      new_dec         radius 
ra       dec         new_ra      new_dec         radius 
ra       dec         new_ra      new_dec         radius 
0.03625       -6.37472222222      359.9875361      -6.3469357      0.000892516919169 
ra       dec         new_ra      new_dec         radius 
0.03625       -6.37472222222      359.9875361      -6.3469357      0.000892516919169 
ra       dec         new_ra      new_dec         radius 
0.08875       -2.61055555556      0.1046864      -2.6238813      0.00157204809577 
