0.0075     47.2744444444     0.0199902743651
0.0075     47.2744444444     0.0199902743651     2 
0.0075     47.2744444444     0.0199902743651
0.0075     47.2744444444     0.0199902743651     2 
0.09375     -80.7916666667     0.0141520304655
0.09375     -80.7916666667     0.0141520304655     30 
0.1     39.5083333333     0.00833333335
0.1     39.5083333333     0.00833333335     35 
0.120833333333     -40.4833333333     0.0162487050305
0.120833333333     -40.4833333333     0.0162487050305     43 
0.220416666667     -47.355     0.00814364352425
0.220416666667     -47.355     0.00814364352425     65 
0.232916666667     -40.7116666667     0.0087260712512
0.232916666667     -40.7116666667     0.0087260712512     69 
0.24125     -33.6116666667     0.0100188703085
0.24125     -33.6116666667     0.0100188703085     73 
0.262083333333     -43.33     0.0112413573774
0.262083333333     -43.33     0.0112413573774     75 
0.3     80.6591666667     0.0112413573774
0.3     80.6591666667     0.0112413573774     94 
0.324166666667     -53.0083333333     0.0112413573774
0.324166666667     -53.0083333333     0.0112413573774     99 
0.328333333333     -27.4183333333     0.00935015380455
0.328333333333     -27.4183333333     0.00935015380455     100 
0.469583333333     -36.85     0.00956794686495
0.469583333333     -36.85     0.00956794686495     138 
0.482083333333     -27.6266666667     0.011503202228
0.482083333333     -27.6266666667     0.011503202228     140 
0.487083333333     -15.4502777778     0.097908129774
0.487083333333     -15.4502777778     0.097908129774     143 
0.475     40.3169444444     0.0100188703085
0.475     40.3169444444     0.0100188703085     148 
0.515416666667     -33.4683333333     0.00742709116595
0.515416666667     -33.4683333333     0.00742709116595     151 
0.54375     -43.9752777778     0.0123259032594
0.54375     -43.9752777778     0.0123259032594     160 
0.625     44.9188888889     0.00913731831945
0.625     44.9188888889     0.00913731831945     175 
0.684583333333     -80.3466666667     0.0209323869711
0.684583333333     -80.3466666667     0.0209323869711     181 
0.6925     -52.7683333333     0.0126130104288
0.6925     -52.7683333333     0.0126130104288     187 
0.727083333333     -34.235     0.00913731831945
0.727083333333     -34.235     0.00913731831945     195 
0.772083333333     -42.1783333333     0.0087260712512
0.772083333333     -42.1783333333     0.0087260712512     204 
0.7925     -54.7494444444     0.0132074432969
0.7925     -54.7494444444     0.0132074432969     211 
0.801666666667     -35.9366666667     0.0097908129774
0.801666666667     -35.9366666667     0.0097908129774     213 
0.850416666667     -49.7916666667     0.0117711462287
0.850416666667     -49.7916666667     0.0117711462287     233 
0.858333333333     -53.33     0.0085274416194
0.858333333333     -53.33     0.0085274416194     235 
1.05833333333     -52.9161111111     0.0107354129523
1.05833333333     -52.9161111111     0.0107354129523     290 
1.06125     -50.6466666667     0.00693136477305
1.06125     -50.6466666667     0.00693136477305     292 
1.16583333333     -45.6283333333     0.0072580299308
1.16583333333     -45.6283333333     0.0072580299308     319 
1.17583333333     -30.4833333333     0.00935015380455
1.17583333333     -30.4833333333     0.00935015380455     322 
1.19083333333     -16.0319444444     0.0123259032594
1.19083333333     -16.0319444444     0.0123259032594     325 
1.19541666667     -62.0616666667     0.00956794686495
1.19541666667     -62.0616666667     0.00956794686495     328 
1.21375     -54.485     0.0087260712512
1.21375     -54.485     0.0087260712512     331 
1.21958333333     -45.4866666667     0.0087260712512
1.21958333333     -45.4866666667     0.0087260712512     336 
1.25083333333     -30.5066666667     0.0072580299308
1.25083333333     -30.5066666667     0.0072580299308     348 
1.28083333333     -50.8216666667     0.0072580299308
1.28083333333     -50.8216666667     0.0072580299308     358 
1.30541666667     -11.5033333333     0.013829890923
1.30541666667     -11.5033333333     0.013829890923     364 
1.31875     -16.4783333333     0.011503202228
1.31875     -16.4783333333     0.011503202228     367 
1.37208333333     -50.27     0.0166271859914
1.37208333333     -50.27     0.0166271859914     382 
1.3725     -49.62     0.011503202228
1.3725     -49.62     0.011503202228     383 
1.375     53.6366666667     0.012045331447
1.375     53.6366666667     0.012045331447     393 
1.41458333333     -53.8163888889     0.013829890923
1.41458333333     -53.8163888889     0.013829890923     399 
1.45     -13.9997222222     0.00913731831945
1.45     -13.9997222222     0.00913731831945     425 
1.495     -36.1366666667     0.0072580299308
1.495     -36.1366666667     0.0072580299308     437 
1.495     -36.115     0.00760009034315
1.495     -36.115     0.00760009034315     438 
1.51666666667     -52.2183333333     0.00777711918885
1.51666666667     -52.2183333333     0.00777711918885     449 
1.53791666667     -50.6466666667     0.00479533282074
1.53791666667     -50.6466666667     0.00479533282074     456 
1.55     54.5466666667     0.00956794686495
1.55     54.5466666667     0.00956794686495     461 
1.56416666667     -52.7775     0.0135150841717
1.56416666667     -52.7775     0.0135150841717     468 
1.58541666667     -41.4933333333     0.0269661381314
1.58541666667     -41.4933333333     0.0269661381314     474 
1.6     -41.5119444444     0.005021329894
1.6     -41.5119444444     0.005021329894     482 
1.6125     -13.415     0.0072580299308
1.6125     -13.415     0.0072580299308     483 
1.62125     -13.4205555556     0.0055057787444
1.62125     -13.4205555556     0.0055057787444     488 
1.625     47.8705555556     0.0144816736019
1.625     47.8705555556     0.0144816736019     499 
0.0075     47.2744444444     0.0199902743651
0.0075     47.2744444444     0.0199902743651     2 
0.0075     47.2744444444     0.0199902743651
0.0075     47.2744444444     0.0199902743651     2 
0.0075     47.2744444444     0.0199902743651
0.0075     47.2744444444     0.0199902743651     2 
0.09375     -80.7916666667     0.0141520304655
0.09375     -80.7916666667     0.0141520304655     30 
0.1     39.5083333333     0.00833333335
0.1     39.5083333333     0.00833333335     35 
0.120833333333     -40.4833333333     0.0162487050305
0.120833333333     -40.4833333333     0.0162487050305     43 
0.220416666667     -47.355     0.00814364352425
0.220416666667     -47.355     0.00814364352425     65 
0.232916666667     -40.7116666667     0.0087260712512
0.232916666667     -40.7116666667     0.0087260712512     69 
0.24125     -33.6116666667     0.0100188703085
0.24125     -33.6116666667     0.0100188703085     73 
0.262083333333     -43.33     0.0112413573774
0.262083333333     -43.33     0.0112413573774     75 
0.3     80.6591666667     0.0112413573774
0.3     80.6591666667     0.0112413573774     94 
0.324166666667     -53.0083333333     0.0112413573774
0.324166666667     -53.0083333333     0.0112413573774     99 
0.328333333333     -27.4183333333     0.00935015380455
0.328333333333     -27.4183333333     0.00935015380455     100 
0.469583333333     -36.85     0.00956794686495
0.469583333333     -36.85     0.00956794686495     138 
0.482083333333     -27.6266666667     0.011503202228
0.482083333333     -27.6266666667     0.011503202228     140 
0.487083333333     -15.4502777778     0.097908129774
0.487083333333     -15.4502777778     0.097908129774     143 
0.475     40.3169444444     0.0100188703085
0.475     40.3169444444     0.0100188703085     148 
0.515416666667     -33.4683333333     0.00742709116595
0.515416666667     -33.4683333333     0.00742709116595     151 
0.54375     -43.9752777778     0.0123259032594
0.54375     -43.9752777778     0.0123259032594     160 
0.625     44.9188888889     0.00913731831945
0.625     44.9188888889     0.00913731831945     175 
0.684583333333     -80.3466666667     0.0209323869711
0.684583333333     -80.3466666667     0.0209323869711     181 
0.6925     -52.7683333333     0.0126130104288
0.6925     -52.7683333333     0.0126130104288     187 
0.727083333333     -34.235     0.00913731831945
0.727083333333     -34.235     0.00913731831945     195 
0.772083333333     -42.1783333333     0.0087260712512
0.772083333333     -42.1783333333     0.0087260712512     204 
0.7925     -54.7494444444     0.0132074432969
0.7925     -54.7494444444     0.0132074432969     211 
0.801666666667     -35.9366666667     0.0097908129774
0.801666666667     -35.9366666667     0.0097908129774     213 
0.850416666667     -49.7916666667     0.0117711462287
0.850416666667     -49.7916666667     0.0117711462287     233 
0.858333333333     -53.33     0.0085274416194
0.858333333333     -53.33     0.0085274416194     235 
